0.10617905640434142 0.04632615790917876 1632220079.1009808
0.5247703873984781 0.20872765294063156 1632220081.2713788
0.7189664594469443 0.20688969854066955 1632220083.4569683
0.615391172686941 0.2709928969874642 1632220085.532914
0.6863516708628075 0.2574251503598539 1632220087.5425804
0.6650918315981038 0.16181875747879063 1632220089.5479522
0.72530799245994 0.18009103903354778 1632220091.5558517
0.5852335626903888 0.13488214018842085 1632220093.5612981
0.6176549699635611 0.16189032014078 1632220095.5666125
0.5338082094870819 0.1452390976098353 1632220097.5742548
0.5379361839784126 0.1493303979807589 1632220099.5801225
0.6763430173166507 0.22141364156721313 1632220101.734076
0.376353769059365 0.21237551871428656 1632220103.7849476
0.19702723702288322 0.25260632634454083 1632220105.7918258
0.2686410014229339 0.8484558320847191 1632231495.4642587
0.08388460195246375 0.38437138371632357 1632231507.1145382
